=====successful match=====
[[-1, 0, 0], [0, -1, 0], [0, 0, 1]]
[-46, 165, 1167]
=====successful match=====
[[0, 1, 0], [1, 0, 0], [0, 0, -1]]
[-1206, 166, 1262]
=====successful match=====
[[0, 0, 1], [0, 1, 0], [-1, 0, 0]]
[-35, 136, 2414]
=====successful match=====
[[0, 0, -1], [0, 1, 0], [1, 0, 0]]
[-1174, 145, 2406]
=====successful match=====
[[0, -1, 0], [-1, 0, 0], [0, 0, -1]]
[-113, 12, 3608]
=====successful match=====
[[0, 1, 0], [0, 0, -1], [-1, 0, 0]]
[-1312, 182, 3633]
=====successful match=====
[[0, 1, 0], [1, 0, 0], [0, 0, -1]]
[1081, 17, 2424]
=====successful match=====
[[0, 0, 1], [-1, 0, 0], [0, -1, 0]]
[1240, 1362, 2490]
=====successful match=====
[[0, 0, 1], [1, 0, 0], [0, 1, 0]]
[-1234, 1220, 3601]
=====successful match=====
[[0, 0, 1], [0, -1, 0], [1, 0, 0]]
[-2362, 98, 3545]
=====successful match=====
[[0, 0, -1], [-1, 0, 0], [0, 1, 0]]
[-2444, 1341, 2304]
=====successful match=====
[[1, 0, 0], [0, -1, 0], [0, 0, -1]]
[10, 1244, 2337]
=====successful match=====
[[0, 0, 1], [-1, 0, 0], [0, -1, 0]]
[1141, 19, 3555]
=====successful match=====
[[0, -1, 0], [0, 0, 1], [-1, 0, 0]]
[-1327, -1187, 3665]
=====successful match=====
[[-1, 0, 0], [0, 0, -1], [0, -1, 0]]
[-1277, 18, 4824]
=====successful match=====
[[0, 0, -1], [1, 0, 0], [0, -1, 0]]
[-2529, 55, 4819]
=====successful match=====
[[0, 1, 0], [-1, 0, 0], [0, 0, 1]]
[-2433, 124, 5955]
=====successful match=====
[[-1, 0, 0], [0, 0, 1], [0, 1, 0]]
[-2451, 1236, 4715]
=====successful match=====
[[1, 0, 0], [0, 0, 1], [0, -1, 0]]
[-2514, -1095, 5963]
=====successful match=====
[[1, 0, 0], [0, 0, 1], [0, -1, 0]]
[-3685, 6, 4707]
=====successful match=====
[[0, -1, 0], [-1, 0, 0], [0, 0, -1]]
[-3653, 1294, 2467]
=====successful match=====
[[0, 0, 1], [0, 1, 0], [-1, 0, 0]]
[-1209, -1205, 5937]
=====successful match=====
[[0, 0, -1], [0, 1, 0], [1, 0, 0]]
[-3580, 138, 6069]
=====successful match=====
[[0, -1, 0], [1, 0, 0], [0, 0, 1]]
[-3730, 1357, 4753]
=====successful match=====
[[0, 0, -1], [-1, 0, 0], [0, 1, 0]]
[-2457, -1191, 4739]
=====successful match=====
[[0, 1, 0], [1, 0, 0], [0, 0, -1]]
[1173, -1057, 3601]
=====successful match=====
[[0, 0, 1], [0, -1, 0], [1, 0, 0]]
[-2524, 133, 7290]
=====successful match=====
[[0, 1, 0], [0, 0, 1], [1, 0, 0]]
[-3577, -1133, 4867]
=====successful match=====
[[0, 0, 1], [1, 0, 0], [0, 1, 0]]
[-3611, 27, 7151]
=====successful match=====
[[0, -1, 0], [0, 0, -1], [1, 0, 0]]
[-3624, 1317, 6091]
=====successful match=====
[[0, 0, -1], [0, -1, 0], [-1, 0, 0]]
[-3684, 1280, 3606]
=====successful match=====
[[1, 0, 0], [0, 0, 1], [0, -1, 0]]
[-4891, 1354, 3568]
=====successful match=====
[[1, 0, 0], [0, 1, 0], [0, 0, 1]]
[-2376, 1355, 7133]
=====successful match=====
[[0, 0, 1], [1, 0, 0], [0, 1, 0]]
[-1240, 1200, 7165]
=====successful match=====
[[1, 0, 0], [0, 0, 1], [0, -1, 0]]
[1235, -1129, 4830]
=====successful match=====
[[0, -1, 0], [0, 0, -1], [1, 0, 0]]
[-4886, 1352, 4806]
=====successful match=====
[[1, 0, 0], [0, 0, -1], [0, 1, 0]]
[-1300, 1300, 8479]
=====successful match=====
[[-1, 0, 0], [0, 1, 0], [0, 0, -1]]
[-4923, 15, 3646]
442
